mepid,name,result,eugroup,identifier,vote_id
7089,Arvanitis,for,GUE/NGL,113807,7089
7072,Barrena Arza,for,GUE/NGL,113807,7072
6604,Björk,for,GUE/NGL,113807,6604
6873,Botenga,for,GUE/NGL,113807,6873
7113,Daly,for,GUE/NGL,113807,7113
6865,Demirel,for,GUE/NGL,113807,6865
6024,Ernst,for,GUE/NGL,113807,6024
5886,Ferreira,for,GUE/NGL,113807,5886
6597,Flanagan,for,GUE/NGL,113807,6597
6815,Georgiou,for,GUE/NGL,113807,6815
7204,Georgoulis,for,NA,113807,7204
7133,Gusmão,for,GUE/NGL,113807,7133
6814,Kizilyürek,for,GUE/NGL,113807,6814
7126,Kokkalis,for,GUE/NGL,113807,7126
6713,Kouloglou,for,GUE/NGL,113807,6713
7087,Kountoura,for,GUE/NGL,113807,7087
7279,MacManus,for,GUE/NGL,113807,7279
5992,Matias,for,GUE/NGL,113807,5992
6310,Michels,for,GUE/NGL,113807,6310
7190,Modig,for,GUE/NGL,113807,7190
5596,Papadimoulis,for,GUE/NGL,113807,5596
7138,Pereira Sandra,for,GUE/NGL,113807,7138
7213,Pineda,for,GUE/NGL,113807,7213
7069,Rego,for,GUE/NGL,113807,7069
7169,Rodríguez Palop,for,GUE/NGL,113807,7169
5837,Scholz,for,GUE/NGL,113807,5837
6715,Urbán Crespo,for,GUE/NGL,113807,6715
7212,Villanueva Ruiz,for,GUE/NGL,113807,7212
7202,Wallace,for,GUE/NGL,113807,7202
6832,Buschmann,for,NA,113807,6832
7258,Comín i Oliveres,for,NA,113807,7258
7148,Radačovský,for,NA,113807,7148
6471,Sonneborn,for,NA,113807,6471
7147,Uhrík,for,NA,113807,7147
6614,Nart,for,Renew,113807,6614
6802,Agius Saliba,for,S&D,113807,6802
6651,Aguilera,for,S&D,113807,6651
6279,Andrieu,for,S&D,113807,6279
7254,Angel,for,S&D,113807,7254
6977,Ara-Kovács,for,S&D,113807,6977
6553,Arena,for,S&D,113807,6553
7040,Avram,for,S&D,113807,7040
6888,Balt,for,S&D,113807,6888
6831,Barley,for,S&D,113807,6831
6889,Belka,for,S&D,113807,6889
7047,Benea,for,S&D,113807,7047
5173,Beňová,for,S&D,113807,5173
6796,Bergkvist,for,S&D,113807,6796
6891,Biedroń,for,S&D,113807,6891
6833,Bischoff,for,S&D,113807,6833
5867,Blinkevičiūtė,for,S&D,113807,5867
6264,Borzan,for,S&D,113807,6264
6843,Brglez,for,S&D,113807,6843
4690,Bullmann,for,S&D,113807,4690
6838,Burkhardt,for,S&D,113807,6838
7252,Carvalhais,for,S&D,113807,7252
7030,Cerdas,for,S&D,113807,7030
7166,Chahim,for,S&D,113807,7166
6901,Cimoszewicz,for,S&D,113807,6901
7046,Ciuhodaru,for,S&D,113807,7046
7145,Číž,for,S&D,113807,7145
6051,Cozzolino,for,NA,113807,6051
5661,Crețu,for,S&D,113807,5661
6794,Cutajar,for,S&D,113807,6794
6589,Dalli,for,S&D,113807,6589
6806,Danielsson,for,S&D,113807,6806
6969,Dobrev,for,S&D,113807,6969
6080,Fajon,for,S&D,113807,6080
6791,Fritzon,for,S&D,113807,6791
6955,Fuglsang,for,S&D,113807,6955
3827,Gebhardt,for,S&D,113807,3827
7082,Glucksmann,for,S&D,113807,7082
6419,Grapini,for,S&D,113807,6419
6603,Guteland,for,S&D,113807,6603
7146,Hajšel,for,S&D,113807,7146
7070,Heide,for,S&D,113807,7070
7185,Heinäluoma,for,S&D,113807,7185
7229,Hristov,for,S&D,113807,7229
6792,Incir,for,S&D,113807,6792
6263,Jerković,for,S&D,113807,6263
6884,Kaljurand,for,S&D,113807,6884
6009,Kammerevert,for,S&D,113807,6009
6916,Kohut,for,S&D,113807,6916
6459,Köster,for,S&D,113807,6459
3761,Krehl,for,S&D,113807,3761
6367,Kumpula-Natri,for,S&D,113807,6367
7085,Lalucq,for,S&D,113807,7085
3823,Lange,for,S&D,113807,3823
7086,Larrouturou,for,S&D,113807,7086
7024,Leitão-Marques,for,S&D,113807,7024
5094,Liberadzki,for,S&D,113807,5094
7027,Marques Margarida,for,S&D,113807,7027
7023,Marques Pedro,for,S&D,113807,7023
7272,Mebarek,for,S&D,113807,7272
6890,Mikser,for,S&D,113807,6890
6933,Miller,for,S&D,113807,6933
6351,Molnár,for,S&D,113807,6351
6691,Negrescu,for,S&D,113807,6691
6418,Nica,for,S&D,113807,6418
6473,Noichl,for,S&D,113807,6473
7221,Olekas,for,S&D,113807,7221
6323,Papadakis Demetris,for,S&D,113807,6323
7228,Penkova,for,S&D,113807,7228
6261,Picula,for,S&D,113807,6261
6625,Piri,for,S&D,113807,6625
7114,Pizarro,for,S&D,113807,7114
5731,Plumb,for,S&D,113807,5731
6136,Regner,for,S&D,113807,6136
7186,Roberti,for,S&D,113807,7186
6649,Rodríguez-Piñero,for,S&D,113807,6649
6974,Rónai,for,S&D,113807,6974
6415,Sant,for,S&D,113807,6415
7039,Santos,for,S&D,113807,7039
5713,Schaldemose,for,S&D,113807,5713
7059,Schieder,for,S&D,113807,7059
6475,Schuster,for,S&D,113807,6475
7065,Sidl,for,S&D,113807,7065
6381,Silva Pereira,for,S&D,113807,6381
6490,Stanishev,for,S&D,113807,6490
6623,Tang,for,S&D,113807,6623
5624,Tarabella,for,NA,113807,5624
7140,Tax,for,S&D,113807,7140
7247,Tudose,for,S&D,113807,7247
6336,Ujhelyi,for,S&D,113807,6336
7195,Ušakovs,for,S&D,113807,7195
4990,Van Brempt,for,S&D,113807,4990
7251,Vind,for,S&D,113807,7251
7227,Vitanov,for,S&D,113807,7227
7066,Vollath,for,S&D,113807,7066
6735,Wölken,for,S&D,113807,6735
7249,Wolters,for,S&D,113807,7249
7225,Yoncheva,for,S&D,113807,7225
6373,Zorrinho,for,S&D,113807,6373
7217,Riba i Giner,for,Greens/EFA,113807,7217
7244,Aguilar,against,ECR,113807,7244
4978,Berlato,against,ECR,113807,4978
5112,Bielan,against,ECR,113807,5112
6864,Bourgeois,against,ECR,113807,6864
6895,Brudziński,against,ECR,113807,6895
7214,Buxadé Villalba,against,ECR,113807,7214
5490,Czarnecki,against,ECR,113807,5490
7270,de la Pisa Carrión,against,ECR,113807,7270
7150,Ďuriš Nicholsonová,against,Renew,113807,7150
6511,Dzhambazki,against,ECR,113807,6511
6167,Eppink,against,ECR,113807,6167
5982,Fidanza,against,ECR,113807,5982
6998,Fiocchi,against,ECR,113807,6998
4880,Fitto,against,ECR,113807,4880
5472,Fotyga,against,ECR,113807,5472
7250,Fragkos,against,ECR,113807,7250
6834,Geuking,against,EPP,113807,6834
6909,Jaki,against,ECR,113807,6909
6911,Jurgiel,against,ECR,113807,6911
7151,Jurzyca,against,ECR,113807,7151
6866,Kanko,against,ECR,113807,6866
6525,Karski,against,ECR,113807,6525
6912,Kempa,against,ECR,113807,6912
6913,Kloc,against,ECR,113807,6913
6923,Kopcińska,against,ECR,113807,6923
6530,Krasnodębski,against,ECR,113807,6530
6925,Kruk,against,ECR,113807,6925
5507,Kuźmiuk,against,ECR,113807,5507
5969,Legutko,against,ECR,113807,5969
6608,Lundgren,against,ECR,113807,6608
6931,Mazurek,against,ECR,113807,6931
7173,Melbārde,against,EPP,113807,7173
6934,Możdżanowska,against,ECR,113807,6934
5974,Poręba,against,ECR,113807,5974
7205,Procaccini,against,ECR,113807,7205
6937,Rafalska,against,ECR,113807,6937
7160,Rooken,against,ECR,113807,7160
7097,Roos,against,ECR,113807,7097
7157,Ruissen,against,ECR,113807,7157
6938,Rzońca,against,ECR,113807,6938
5416,Saryusz-Wolski,against,ECR,113807,5416
7231,Slabakov,against,ECR,113807,7231
7210,Stancanelli,against,ECR,113807,7210
6798,Stegrud,against,ECR,113807,6798
6946,Szydło,against,ECR,113807,6946
7216,Tertsch,against,ECR,113807,7216
6952,Tobiszowski,against,ECR,113807,6952
5878,Tomaševski,against,ECR,113807,5878
6300,Tomašić,against,ECR,113807,6300
5892,Tošenovský,against,ECR,113807,5892
6683,Van Overtveldt,against,ECR,113807,6683
6930,Vondra,against,ECR,113807,6930
6945,Vrecionová,against,ECR,113807,6945
6956,Waszczykowski,against,ECR,113807,6956
6808,Weimers,against,ECR,113807,6808
6515,Wiśniewska,against,ECR,113807,6515
5052,Zahradil,against,ECR,113807,5052
5598,Zīle,against,ECR,113807,5598
6522,Złotowski,against,ECR,113807,6522
6926,Aubry,against,GUE/NGL,113807,6926
6914,Bompard,against,GUE/NGL,113807,6914
6922,Chaibi,against,GUE/NGL,113807,6922
6628,Hazekamp,against,GUE/NGL,113807,6628
5039,Konečná,against,GUE/NGL,113807,5039
6354,Maurel,against,GUE/NGL,113807,6354
6250,Omarjee,against,GUE/NGL,113807,6250
6920,Pelletier,against,GUE/NGL,113807,6920
6961,Villumsen,against,GUE/NGL,113807,6961
7211,Adinolfi Matteo,against,ID,113807,7211
6872,Anderson,against,ID,113807,6872
7079,Androuët,against,ID,113807,7079
6593,Annemans,against,ID,113807,6593
7174,Baldassarre,against,ID,113807,7174
6988,Bardella,against,ID,113807,6988
7001,Basso,against,ID,113807,7001
6394,Bay,against,NA,113807,6394
6874,Beck,against,ID,113807,6874
7068,Beigneux,against,ID,113807,7068
6875,Berg,against,ECR,113807,6875
6405,Bilde,against,ID,113807,6405
6179,Bizzotto,against,ID,113807,6179
6954,Blaško,against,ID,113807,6954
7172,Bonfrisco,against,ID,113807,7172
7000,Borchia,against,ID,113807,7000
7076,Bruna,against,ID,113807,7076
6876,Buchheit,against,ID,113807,6876
6981,Campomenosi,against,ID,113807,6981
7182,Caroppo,against,EPP,113807,7182
7181,Casanova,against,ID,113807,7181
7170,Ceccardi,against,ID,113807,7170
6731,Ciocca,against,ID,113807,6731
7071,Collard,against,NA,113807,7071
7007,Conte,against,ID,113807,7007
6999,Da Re,against,ID,113807,6999
6949,David,against,ID,113807,6949
6869,De Man,against,ID,113807,6869
7207,Donato,against,NA,113807,7207
7005,Dreosto,against,ID,113807,7005
6877,Fest,against,ID,113807,6877
6972,Gancia,against,ID,113807,6972
7018,Garraud,against,ID,113807,7018
6630,de Graaff,against,NA,113807,6630
7184,Grant,against,ID,113807,7184
7019,Griset,against,ID,113807,7019
7246,Haider,against,ID,113807,7246
6989,Hakkarainen,against,ECR,113807,6989
6986,Huhtasaari,against,NI,113807,6986
6404,Jalkh,against,ID,113807,6404
6751,Jamet,against,ID,113807,6751
7017,Joron,against,ID,113807,7017
7016,Juvin,against,NA,113807,7016
6960,Kofod,against,ID,113807,6960
6878,Krah,against,ID,113807,6878
6879,Kuhs,against,ID,113807,6879
7275,Lacapelle,against,ID,113807,7275
6771,Lancini,against,ID,113807,6771
6990,Laporte,against,ID,113807,6990
6372,Lebreton,against,ID,113807,6372
7074,Lechanteux,against,ID,113807,7074
6880,Limmer,against,ID,113807,6880
7002,Lizzi,against,ID,113807,7002
6886,Madison,against,ID,113807,6886
7013,Mariani,against,ID,113807,7013
6627,Mayer,against,ID,113807,6627
6399,Mélin,against,ID,113807,6399
6759,Meuthen,against,NA,113807,6759
7075,Olivier,against,ID,113807,7075
6979,Panza,against,ID,113807,6979
7020,Pirbakas,against,NA,113807,7020
7175,Regimenti,against,EPP,113807,7175
6881,Reil,against,ID,113807,6881
7171,Rinaldi,against,ID,113807,7171
7006,Rivière,against,NA,113807,7006
7078,Rougé,against,ID,113807,7078
6968,Sardone,against,ID,113807,6968
7262,Sofo,against,ECR,113807,7262
7191,Tardino,against,ID,113807,7191
6970,Tovaglieri,against,ID,113807,6970
7234,Vandendriessche,against,ID,113807,7234
6610,Vilimsky,against,ID,113807,6610
7183,Vuolo,against,EPP,113807,7183
6976,Zambelli,against,ID,113807,6976
6414,Zanni,against,ID,113807,6414
6882,Zimniok,against,ID,113807,6882
6468,Adinolfi Isabella,against,EPP,113807,6468
6411,Beghin,against,NA,113807,6411
6446,Castaldo,against,NA,113807,6446
6494,Corrao,against,Greens/EFA,113807,6494
6472,D'Amato,against,Greens/EFA,113807,6472
6413,Evi,against,Greens/EFA,113807,6413
6470,Ferrara,against,NA,113807,6470
7180,Furore,against,NA,113807,7180
7179,Gemma,against,ECR,113807,7179
7189,Giarrusso,against,NA,113807,7189
7243,Gyöngyösi,against,NA,113807,7243
6836,Kolakušić,against,NA,113807,6836
7119,Lagos,against,NA,113807,7119
6482,Pedicini,against,Greens/EFA,113807,6482
7010,Pignedoli,against,NA,113807,7010
7177,Rondinelli,against,S&D,113807,7177
7278,Rookmaker,against,ECR,113807,7278
6695,Zullo,against,Renew,113807,6695
6883,Adamowicz,against,EPP,113807,6883
6755,Ademov,against,EPP,113807,6755
7129,Amaro,against,EPP,113807,7129
5980,Arias Echeverría,against,EPP,113807,5980
6594,Arimont,against,EPP,113807,6594
6885,Arłukowicz,against,EPP,113807,6885
7083,Asimakopoulou,against,EPP,113807,7083
7060,Băsescu,against,EPP,113807,7060
6927,Bellamy,against,EPP,113807,6927
7067,Benjumea Benjumea,against,EPP,113807,7067
6807,Bentele,against,EPP,113807,6807
7162,Berendsen,against,EPP,113807,7162
6809,Berger,against,EPP,113807,6809
4806,Berlusconi,against,EPP,113807,4806
7037,Bernhuber,against,EPP,113807,7037
7155,Bilčík,against,EPP,113807,7155
7026,Blaga,against,EPP,113807,7026
6343,Bocskor,against,NA,113807,6343
7025,Bogdan,against,EPP,113807,7025
6613,Bogovič,against,EPP,113807,6613
6617,Buda,against,EPP,113807,6617
5729,Buşoi,against,EPP,113807,5729
6039,Carvalho,against,EPP,113807,6039
5252,Casa,against,EPP,113807,5252
5341,Caspary,against,EPP,113807,5341
5508,del Castillo Vera,against,EPP,113807,5508
5236,Christoforou,against,EPP,113807,5236
6600,Clune,against,EPP,113807,6600
6929,Colin-Oesterlé,against,EPP,113807,6929
5981,van Dalen,against,EPP,113807,5981
5921,Danjean,against,EPP,113807,5921
7261,De Meo,against,EPP,113807,7261
6345,Deli,against,NA,113807,6345
5998,Deutsch,against,NA,113807,5998
6762,Didier,against,EPP,113807,6762
6870,Doleschal,against,EPP,113807,6870
5960,Dorfmann,against,EPP,113807,5960
6903,Duda,against,EPP,113807,6903
6810,Düpont,against,EPP,113807,6810
5348,Ehler,against,EPP,113807,5348
5983,Estaràs Ferragut,against,EPP,113807,5983
6928,Evren,against,EPP,113807,6928
7038,Falcă,against,EPP,113807,7038
3833,Ferber,against,EPP,113807,3833
6068,Fernandes,against,EPP,113807,6068
7108,Fitzgerald,against,EPP,113807,7108
6813,Fourlas,against,EPP,113807,6813
6906,Frankowski,against,EPP,113807,6906
6852,Franssen,against,EPP,113807,6852
4659,Gahler,against,EPP,113807,4659
5280,Gál,against,NA,113807,5280
3980,García-Margallo y Marfil,against,EPP,113807,3980
6441,Gieseke,against,EPP,113807,6441
7253,Glavak,against,EPP,113807,7253
6632,González Pons,against,EPP,113807,6632
6002,Győri,against,NA,113807,6002
5138,Gyürk,against,NA,113807,5138
6907,Halicki,against,EPP,113807,6907
6777,Hansen,against,EPP,113807,6777
7035,Hava,against,EPP,113807,7035
6811,Herbst,against,EPP,113807,6811
6534,Hetman,against,EPP,113807,6534
6318,Hidvéghi,against,NA,113807,6318
5953,Hohlmeier,against,EPP,113807,5953
6346,Hölvényi,against,EPP,113807,6346
4987,Hortefeux,against,EPP,113807,4987
5952,Hübner,against,EPP,113807,5952
5945,Jahr,against,EPP,113807,5945
5271,Járóka,against,NA,113807,5271
6910,Jarubas,against,EPP,113807,6910
7223,Juknevičienė,against,EPP,113807,7223
5944,Kalinowski,against,EPP,113807,5944
6095,Kalniete,against,EPP,113807,6095
7222,Kanev,against,EPP,113807,7222
4669,Karas,against,EPP,113807,4669
6666,Kefalogiannis,against,EPP,113807,6666
5855,Kelly,against,EPP,113807,5855
6805,Kokalari,against,EPP,113807,6805
6918,Kopacz,against,EPP,113807,6918
6001,Kósa,against,NA,113807,6001
6196,Kovatchev,against,EPP,113807,6196
7226,Kubilius,against,EPP,113807,7226
7080,Kympouropoulos,against,EPP,113807,7080
6662,Kyrtsos,against,Renew,113807,6662
5727,de Lange,against,EPP,113807,5727
6793,Lega,against,EPP,113807,6793
6592,Lenaers,against,EPP,113807,6592
5105,Lewandowski,against,EPP,113807,5105
7264,Lexmann,against,EPP,113807,7264
3855,Liese,against,EPP,113807,3855
6442,Lins,against,EPP,113807,6442
7161,López Gil,against,EPP,113807,7161
5517,López-Istúriz White,against,EPP,113807,5517
5964,Łukacijewska,against,EPP,113807,5964
6855,Lutgen,against,EPP,113807,6855
6440,McAllister,against,EPP,113807,6440
5245,McGuinness,against,EPP,113807,5245
7218,Maldeikienė,against,EPP,113807,7218
4964,Manders,against,EPP,113807,4964
6761,Mandl,against,EPP,113807,6761
5646,Marinescu,against,EPP,113807,5646
6465,Martusciello,against,EPP,113807,6465
6096,Mato,against,EPP,113807,6096
6483,Maydell,against,EPP,113807,6483
7224,Mažylis,against,EPP,113807,7224
7051,Meimarakis,against,EPP,113807,7051
6121,Melo,against,EPP,113807,6121
6297,Metsola,against,EPP,113807,6297
7209,Milazzo,against,ECR,113807,7209
5518,Millán Mon,against,EPP,113807,5518
6366,Monteiro de Aguiar,against,EPP,113807,6366
7099,Montserrat,against,EPP,113807,7099
6368,Morano,against,EPP,113807,6368
6825,Mortler,against,EPP,113807,6825
7036,Motreanu,against,EPP,113807,7036
6436,Mureşan,against,EPP,113807,6436
4712,Niebler,against,EPP,113807,4712
6332,Niedermayer,against,EPP,113807,6332
7255,Nistor,against,EPP,113807,7255
5413,Novak,against,EPP,113807,5413
6709,Novakov,against,EPP,113807,6709
6935,Ochojska,against,EPP,113807,6935
5407,Olbrycht,against,EPP,113807,5407
5702,Patriciello,against,EPP,113807,5702
6819,Peeters,against,EPP,113807,6819
7120,Pereira Lídia,against,EPP,113807,7120
5346,Pieper,against,EPP,113807,5346
5788,Pietikäinen,against,EPP,113807,5788
6335,Polčák,against,EPP,113807,6335
6803,Polfjärd,against,EPP,113807,6803
7149,Pollák,against,EPP,113807,7149
6700,Pospíšil,against,EPP,113807,6700
6488,Radev,against,EPP,113807,6488
6750,Radtke,against,EPP,113807,6750
6072,Rangel,against,EPP,113807,6072
6812,Ressler,against,EPP,113807,6812
7266,Sagartz,against,EPP,113807,7266
6698,Salini,against,EPP,113807,6698
6370,Sander,against,EPP,113807,6370
6259,Sarvamaa,against,EPP,113807,6259
7045,Schmiedtbauer,against,EPP,113807,7045
6821,Schneider,against,EPP,113807,6821
6636,Schreijer-Pierik,against,EPP,113807,6636
6443,Schulze,against,EPP,113807,6443
5345,Schwab,against,EPP,113807,5345
6823,Seekatz,against,EPP,113807,6823
6941,Sikorski,against,EPP,113807,6941
6824,Simon,against,EPP,113807,6824
6790,Skyttedal,against,EPP,113807,6790
6341,Šojdrová,against,EPP,113807,6341
6816,Sokol,against,EPP,113807,6816
6663,Spyraki,against,EPP,113807,6663
6547,Štefanec,against,EPP,113807,6547
5143,Szájer,against,EPP,113807,5143
4482,Tajani,against,EPP,113807,4482
7277,Terras,against,EPP,113807,7277
7056,Thaler,against,EPP,113807,7056
6801,Tobé,against,EPP,113807,6801
7061,Tomac,against,EPP,113807,7061
6681,Tomc,against,EPP,113807,6681
6965,Tóth,against,NA,113807,6965
7241,Trócsányi,against,NA,113807,7241
5600,Vaidere,against,EPP,113807,5600
5930,Verheyen,against,EPP,113807,5930
7062,Vincze,against,EPP,113807,7062
6356,Virkkunen,against,EPP,113807,6356
5934,Voss,against,EPP,113807,5934
6664,Vozemberg-Vrionidi,against,EPP,113807,6664
7233,Walsh,against,EPP,113807,7233
6827,Walsmann,against,EPP,113807,6827
6804,Warborn,against,EPP,113807,6804
6908,Weiss,against,EPP,113807,6908
4643,Wieland,against,EPP,113807,4643
7153,Wiezik,against,Renew,113807,7153
5782,Winkler,against,EPP,113807,5782
7041,Winzig,against,EPP,113807,7041
6820,Wiseler-Lima,against,EPP,113807,6820
6665,Zagorakis,against,EPP,113807,6665
6997,Zarzalejos,against,EPP,113807,6997
7012,Zoido Álvarez,against,EPP,113807,7012
6734,Zovko,against,EPP,113807,6734
6094,Zver,against,EPP,113807,6094
7230,Alieva-Veli,against,Renew,113807,7230
6799,Al-Sahlani,against,Renew,113807,6799
7260,Andrews,against,Renew,113807,7260
6327,Ansip,against,Renew,113807,6327
7053,Armand,against,Renew,113807,7053
6400,Auštrevičius,against,Renew,113807,6400
7165,Azmani,against,Renew,113807,7165
7163,Bauzá Díaz,against,Renew,113807,7163
6835,Beer,against,Renew,113807,6835
6944,Bijoux,against,Renew,113807,6944
6089,Bilbao Barandica,against,Renew,113807,6089
7057,Botoş,against,Renew,113807,7057
6967,Boyer,against,Renew,113807,6967
6966,Brunet,against,Renew,113807,6966
6973,Cañas,against,Renew,113807,6973
5891,Canfin,against,Renew,113807,5891
6899,Chabaud,against,Renew,113807,6899
6339,Charanzová,against,Renew,113807,6339
6860,Chastel,against,Renew,113807,6860
6951,Christensen,against,Renew,113807,6951
7271,Cicurel,against,Renew,113807,7271
7021,Cioloş,against,Renew,113807,7021
6978,Cseh,against,Renew,113807,6978
6458,Danti,against,Renew,113807,6458
6898,Decerle,against,Renew,113807,6898
6340,Dlabajová,against,Renew,113807,6340
6987,Donáth,against,Renew,113807,6987
6324,Durand,against,S&D,113807,6324
6828,Eroglu,against,Renew,113807,6828
6980,Farreng,against,Renew,113807,6980
6601,Federley,against,Renew,113807,6601
6818,Flego,against,Renew,113807,6818
6948,Gade,against,Renew,113807,6948
6947,Garicano,against,Renew,113807,6947
7050,Ghinea,against,Renew,113807,7050
6840,Glück,against,Renew,113807,6840
1793,Goerens,against,Renew,113807,1793
7273,Gozi,against,Renew,113807,7273
7164,Groothuis,against,Renew,113807,7164
6849,Grošelj,against,Renew,113807,6849
6950,Grudler,against,Renew,113807,6950
6936,Guetta,against,Renew,113807,6936
6841,Hahn Svenja,against,Renew,113807,6841
6959,Hayer,against,Renew,113807,6959
6919,Hlaváček,against,Renew,113807,6919
7154,Hojsík,against,Renew,113807,7154
6622,Huitema,against,Renew,113807,6622
7014,Ijabs,against,Renew,113807,7014
5385,in 't Veld,against,Renew,113807,5385
6844,Joveva,against,Renew,113807,6844
6975,Karleskind,against,Renew,113807,6975
6800,Karlsbro,against,Renew,113807,6800
6766,Katainen,against,Renew,113807,6766
7203,Kelleher,against,Renew,113807,7203
5021,Keller Fabienne,against,Renew,113807,5021
6921,Knotek,against,Renew,113807,6921
6842,Körner,against,Renew,113807,6842
6917,Kovařík,against,Renew,113807,6917
6504,Kyuchyuk,against,Renew,113807,6504
6887,Loiseau,against,Renew,113807,6887
5889,Løkkegaard,against,Renew,113807,5889
6915,Maxová,against,S&D,113807,6915
6957,Melchior,against,Renew,113807,6957
6690,Mihaylova,against,Renew,113807,6690
6500,Müller,against,Renew,113807,6500
6760,Nagtegaal,against,Renew,113807,6760
6830,Oetjen,against,Renew,113807,6830
6705,Paet,against,Renew,113807,6705
6644,Pagazaurtundúa,against,Renew,113807,6644
6953,Pekkarinen,against,Renew,113807,6953
6510,Petersen,against,Renew,113807,6510
7052,Pîslaru,against,Renew,113807,7052
7235,Rafaela,against,Renew,113807,7235
4676,Ries,against,Renew,113807,4676
6056,Riquet,against,Renew,113807,6056
4767,Rodríguez Ramos,against,Renew,113807,4767
7236,Schreinemacher,against,Renew,113807,7236
6902,Séjourné,against,Renew,113807,6902
6817,Semedo,against,Renew,113807,6817
7152,Šimečka,against,Renew,113807,7152
7168,Solís Pérez,against,Renew,113807,7168
7055,Ştefănuță,against,Greens/EFA,113807,7055
7058,Strugariu,against,Renew,113807,7058
7259,Søgaard-Lidell,against,Renew,113807,7259
6940,Tolleret,against,Renew,113807,6940
6331,Toom,against,Renew,113807,6331
6281,Torvalds,against,Renew,113807,6281
6985,Trillet-Lenoir,against,Renew,113807,6985
7054,Tudorache,against,Renew,113807,7054
5879,Uspaskich,against,NA,113807,5879
6710,Vautmans,against,Renew,113807,6710
6896,Vedrenne,against,Renew,113807,6896
6159,Verhofstadt,against,Renew,113807,6159
7268,Vázquez Lázara,against,Renew,113807,7268
6971,Yon-Courtin,against,Renew,113807,6971
6892,Zacharopoulou,against,Renew,113807,6892
6687,Androulakis,against,S&D,113807,6687
7193,Bartolo,against,S&D,113807,7193
6505,Benifei,against,S&D,113807,6505
6449,Bonafè,against,S&D,113807,6449
7008,Calenda,against,Renew,113807,7008
6499,Chinnici,against,EPP,113807,6499
6062,De Castro,against,S&D,113807,6062
7248,Durá Ferrandis,against,S&D,113807,7248
6652,Fernández,against,S&D,113807,6652
6770,Ferrandino,against,Renew,113807,6770
7090,Gálvez Muñoz,against,S&D,113807,7090
7105,García Del Blanco,against,S&D,113807,7105
7125,García Muñoz,against,S&D,113807,7125
5417,García Pérez,against,S&D,113807,5417
6130,Gardiazabal Rubial,against,S&D,113807,6130
7111,González,against,S&D,113807,7111
7009,Gualmini,against,S&D,113807,7009
7122,Homs Ginel,against,S&D,113807,7122
6624,Jongerius,against,S&D,113807,6624
6648,López,against,S&D,113807,6648
5984,López Aguilar,against,S&D,113807,5984
7109,Luena,against,S&D,113807,7109
7107,Maestre Martín De Almagro,against,S&D,113807,7107
6984,Majorino,against,S&D,113807,6984
7117,Maldonado López,against,S&D,113807,7117
6322,Mavrides,against,S&D,113807,6322
5466,Moreno Sánchez,against,S&D,113807,5466
6433,Moretti,against,S&D,113807,6433
6484,Picierno,against,S&D,113807,6484
6982,Pisapia,against,S&D,113807,6982
7269,Ros Sempere,against,S&D,113807,7269
7128,Ruiz Devesa,against,S&D,113807,7128
7110,Sánchez Amor,against,S&D,113807,7110
7176,Smeriglio,against,S&D,113807,7176
6943,Spurek,against,Greens/EFA,113807,6943
7044,Terheş,against,ECR,113807,7044
6983,Tinagli,against,S&D,113807,6983
5459,Toia,against,S&D,113807,5459
7263,Alametsä,against,Greens/EFA,113807,7263
5924,Alfonsi,against,Greens/EFA,113807,5924
6845,Andresen,against,Greens/EFA,113807,6845
6905,Biteau,against,Greens/EFA,113807,6905
6846,Bloss,against,Greens/EFA,113807,6846
6837,Boeselager,against,Greens/EFA,113807,6837
6829,Breyer,against,Greens/EFA,113807,6829
6867,Bricmont,against,Greens/EFA,113807,6867
5913,Bütikofer,against,Greens/EFA,113807,5913
6964,Carême,against,Greens/EFA,113807,6964
6897,Cormand,against,Greens/EFA,113807,6897
7043,Cuffe,against,Greens/EFA,113807,7043
6730,Dalunde,against,Greens/EFA,113807,6730
6924,Delbos-Corfield,against,Greens/EFA,113807,6924
6040,Delli,against,Greens/EFA,113807,6040
6850,Deparnay-Grunenberg,against,Greens/EFA,113807,6850
6868,De Sutter,against,Greens/EFA,113807,6868
5899,Eickhout,against,Greens/EFA,113807,5899
6775,Franz,against,Greens/EFA,113807,6775
6851,Freund,against,Greens/EFA,113807,6851
6853,Geese,against,Greens/EFA,113807,6853
5904,Giegold,against,Greens/EFA,113807,5904
6942,Gregorová,against,Greens/EFA,113807,6942
7274,Gruffat,against,Greens/EFA,113807,7274
7034,Guerreiro,against,Greens/EFA,113807,7034
6854,Hahn Henrike,against,Greens/EFA,113807,6854
5926,Häusling,against,Greens/EFA,113807,5926
4535,Hautala,against,Greens/EFA,113807,4535
6856,Herzberger-Fofana,against,Greens/EFA,113807,6856
6797,Holmgren,against,Greens/EFA,113807,6797
5914,Jadot,against,Greens/EFA,113807,5914
7220,Jakeliūnas,against,Greens/EFA,113807,7220
5908,Keller Ska,against,Greens/EFA,113807,5908
6939,Kolaja,against,Greens/EFA,113807,6939
6795,Kuhnke,against,Greens/EFA,113807,6795
6857,Lagodinsky,against,Greens/EFA,113807,6857
5838,Lamberts,against,Greens/EFA,113807,5838
6858,Langensiepen,against,Greens/EFA,113807,6858
6859,Marquardt,against,Greens/EFA,113807,6859
6776,Metz,against,Greens/EFA,113807,6776
6861,Neumann,against,Greens/EFA,113807,6861
6862,Nienaß,against,Greens/EFA,113807,6862
7187,Niinistö,against,Greens/EFA,113807,7187
7240,O'Sullivan,against,Greens/EFA,113807,7240
6863,Paulus,against,Greens/EFA,113807,6863
6932,Peksa,against,Greens/EFA,113807,6932
6963,Peter-Hansen,against,Greens/EFA,113807,6963
6529,Reintke,against,Greens/EFA,113807,6529
5917,Rivasi,against,Greens/EFA,113807,5917
6900,Roose,against,Greens/EFA,113807,6900
6694,Ropė,against,Greens/EFA,113807,6694
6893,Satouri,against,Greens/EFA,113807,6893
6822,Semsrott,against,Greens/EFA,113807,6822
7156,Strik,against,Greens/EFA,113807,7156
6894,Toussaint,against,Greens/EFA,113807,6894
6591,Urtasun,against,Greens/EFA,113807,6591
6551,Vana,against,Greens/EFA,113807,6551
7237,Van Sparrentak,against,Greens/EFA,113807,7237
6848,Von Cramon-Taubadel,against,Greens/EFA,113807,6848
6757,Waitz,against,Greens/EFA,113807,6757
7064,Wiener,against,Greens/EFA,113807,7064
6904,Yenbou,against,Renew,113807,6904
5602,Ždanoka,against,NA,113807,5602
7276,Ponsatí Obiols,abstention,NA,113807,7276
7257,Puigdemont i Casamajó,abstention,NA,113807,7257
7167,Ameriks,abstention,S&D,113807,7167
6014,Ertug,abstention,S&D,113807,6014
6455,Buchner,abstention,Greens/EFA,113807,6455