mepid,name,result,eugroup,identifier,vote_id
7244,Aguilar,for,ECR,116968,7244
4978,Berlato,for,ECR,116968,4978
5112,Bielan,for,ECR,116968,5112
6864,Bourgeois,for,ECR,116968,6864
6895,Brudziński,for,ECR,116968,6895
7214,Buxadé Villalba,for,ECR,116968,7214
5490,Czarnecki,for,ECR,116968,5490
7270,de la Pisa Carrión,for,ECR,116968,7270
7150,Ďuriš Nicholsonová,for,Renew,116968,7150
6511,Dzhambazki,for,ECR,116968,6511
6167,Eppink,for,ECR,116968,6167
5982,Fidanza,for,ECR,116968,5982
6998,Fiocchi,for,ECR,116968,6998
4880,Fitto,for,ECR,116968,4880
5472,Fotyga,for,ECR,116968,5472
7250,Fragkos,for,ECR,116968,7250
6834,Geuking,for,EPP,116968,6834
6909,Jaki,for,ECR,116968,6909
6911,Jurgiel,for,ECR,116968,6911
7151,Jurzyca,for,ECR,116968,7151
6866,Kanko,for,ECR,116968,6866
6525,Karski,for,ECR,116968,6525
6912,Kempa,for,ECR,116968,6912
6913,Kloc,for,ECR,116968,6913
6923,Kopcińska,for,ECR,116968,6923
6530,Krasnodębski,for,ECR,116968,6530
6925,Kruk,for,ECR,116968,6925
5507,Kuźmiuk,for,ECR,116968,5507
5969,Legutko,for,ECR,116968,5969
6608,Lundgren,for,ECR,116968,6608
6931,Mazurek,for,ECR,116968,6931
6934,Możdżanowska,for,ECR,116968,6934
5974,Poręba,for,ECR,116968,5974
7205,Procaccini,for,ECR,116968,7205
6937,Rafalska,for,ECR,116968,6937
7160,Rooken,for,ECR,116968,7160
7097,Roos,for,ECR,116968,7097
7157,Ruissen,for,ECR,116968,7157
6938,Rzońca,for,ECR,116968,6938
5416,Saryusz-Wolski,for,ECR,116968,5416
7231,Slabakov,for,ECR,116968,7231
7210,Stancanelli,for,ECR,116968,7210
6798,Stegrud,for,ECR,116968,6798
6946,Szydło,for,ECR,116968,6946
7265,Tarczyński,for,ECR,116968,7265
7216,Tertsch,for,ECR,116968,7216
6952,Tobiszowski,for,ECR,116968,6952
5878,Tomaševski,for,ECR,116968,5878
6300,Tomašić,for,ECR,116968,6300
5892,Tošenovský,for,ECR,116968,5892
6683,Van Overtveldt,for,ECR,116968,6683
6930,Vondra,for,ECR,116968,6930
6945,Vrecionová,for,ECR,116968,6945
6956,Waszczykowski,for,ECR,116968,6956
6808,Weimers,for,ECR,116968,6808
6515,Wiśniewska,for,ECR,116968,6515
5052,Zahradil,for,ECR,116968,5052
6962,Zalewska,for,ECR,116968,6962
5598,Zīle,for,ECR,116968,5598
6522,Złotowski,for,ECR,116968,6522
7089,Arvanitis,for,GUE/NGL,116968,7089
6926,Aubry,for,GUE/NGL,116968,6926
7072,Barrena Arza,for,GUE/NGL,116968,7072
6604,Björk,for,GUE/NGL,116968,6604
6914,Bompard,for,GUE/NGL,116968,6914
6873,Botenga,for,GUE/NGL,116968,6873
6922,Chaibi,for,GUE/NGL,116968,6922
7113,Daly,for,GUE/NGL,116968,7113
6865,Demirel,for,GUE/NGL,116968,6865
6024,Ernst,for,GUE/NGL,116968,6024
6597,Flanagan,for,GUE/NGL,116968,6597
6815,Georgiou,for,GUE/NGL,116968,6815
7204,Georgoulis,for,NA,116968,7204
7133,Gusmão,for,GUE/NGL,116968,7133
6628,Hazekamp,for,GUE/NGL,116968,6628
6814,Kizilyürek,for,GUE/NGL,116968,6814
7126,Kokkalis,for,GUE/NGL,116968,7126
5039,Konečná,for,GUE/NGL,116968,5039
6713,Kouloglou,for,GUE/NGL,116968,6713
7087,Kountoura,for,GUE/NGL,116968,7087
7279,MacManus,for,GUE/NGL,116968,7279
5992,Matias,for,GUE/NGL,116968,5992
6354,Maurel,for,GUE/NGL,116968,6354
6310,Michels,for,GUE/NGL,116968,6310
7190,Modig,for,GUE/NGL,116968,7190
6250,Omarjee,for,GUE/NGL,116968,6250
5596,Papadimoulis,for,GUE/NGL,116968,5596
6920,Pelletier,for,GUE/NGL,116968,6920
7138,Pereira Sandra,for,GUE/NGL,116968,7138
7213,Pineda,for,GUE/NGL,116968,7213
7069,Rego,for,GUE/NGL,116968,7069
7169,Rodríguez Palop,for,GUE/NGL,116968,7169
6758,Schirdewan,for,GUE/NGL,116968,6758
5837,Scholz,for,GUE/NGL,116968,5837
6715,Urbán Crespo,for,GUE/NGL,116968,6715
7212,Villanueva Ruiz,for,GUE/NGL,116968,7212
6961,Villumsen,for,GUE/NGL,116968,6961
7202,Wallace,for,GUE/NGL,116968,7202
7211,Adinolfi Matteo,for,ID,116968,7211
6872,Anderson,for,ID,116968,6872
6593,Annemans,for,ID,116968,6593
7174,Baldassarre,for,ID,116968,7174
7001,Basso,for,ID,116968,7001
6874,Beck,for,ID,116968,6874
6875,Berg,for,ECR,116968,6875
6179,Bizzotto,for,ID,116968,6179
7172,Bonfrisco,for,ID,116968,7172
7000,Borchia,for,ID,116968,7000
6876,Buchheit,for,ID,116968,6876
6981,Campomenosi,for,ID,116968,6981
7182,Caroppo,for,EPP,116968,7182
7181,Casanova,for,ID,116968,7181
7170,Ceccardi,for,ID,116968,7170
6731,Ciocca,for,ID,116968,6731
7007,Conte,for,ID,116968,7007
6999,Da Re,for,ID,116968,6999
6949,David,for,ID,116968,6949
6869,De Man,for,ID,116968,6869
7207,Donato,for,NA,116968,7207
7005,Dreosto,for,ID,116968,7005
6877,Fest,for,ID,116968,6877
6972,Gancia,for,ID,116968,6972
7184,Grant,for,ID,116968,7184
7246,Haider,for,ID,116968,7246
6989,Hakkarainen,for,ECR,116968,6989
6986,Huhtasaari,for,NI,116968,6986
6960,Kofod,for,ID,116968,6960
6879,Kuhs,for,ID,116968,6879
6771,Lancini,for,ID,116968,6771
6372,Lebreton,for,ID,116968,6372
6880,Limmer,for,ID,116968,6880
7002,Lizzi,for,ID,116968,7002
6886,Madison,for,ID,116968,6886
6627,Mayer,for,ID,116968,6627
6759,Meuthen,for,NA,116968,6759
6979,Panza,for,ID,116968,6979
7175,Regimenti,for,EPP,116968,7175
6881,Reil,for,ID,116968,6881
7171,Rinaldi,for,ID,116968,7171
6968,Sardone,for,ID,116968,6968
7262,Sofo,for,ECR,116968,7262
7191,Tardino,for,ID,116968,7191
6970,Tovaglieri,for,ID,116968,6970
7234,Vandendriessche,for,ID,116968,7234
6610,Vilimsky,for,ID,116968,6610
7183,Vuolo,for,EPP,116968,7183
6976,Zambelli,for,ID,116968,6976
6414,Zanni,for,ID,116968,6414
6882,Zimniok,for,ID,116968,6882
6468,Adinolfi Isabella,for,EPP,116968,6468
6411,Beghin,for,NA,116968,6411
6832,Buschmann,for,NA,116968,6832
6446,Castaldo,for,NA,116968,6446
7258,Comín i Oliveres,for,NA,116968,7258
6494,Corrao,for,Greens/EFA,116968,6494
6472,D'Amato,for,Greens/EFA,116968,6472
6413,Evi,for,Greens/EFA,116968,6413
6470,Ferrara,for,NA,116968,6470
7180,Furore,for,NA,116968,7180
7179,Gemma,for,ECR,116968,7179
7189,Giarrusso,for,NA,116968,7189
7243,Gyöngyösi,for,NA,116968,7243
7116,Nikolaou-Alavanos,for,NA,116968,7116
6676,Papadakis Kostas,for,NA,116968,6676
6482,Pedicini,for,Greens/EFA,116968,6482
7010,Pignedoli,for,NA,116968,7010
7276,Ponsatí Obiols,for,NA,116968,7276
7257,Puigdemont i Casamajó,for,NA,116968,7257
7177,Rondinelli,for,S&D,116968,7177
6471,Sonneborn,for,NA,116968,6471
7147,Uhrík,for,NA,116968,7147
6695,Zullo,for,Renew,116968,6695
6883,Adamowicz,for,EPP,116968,6883
6755,Ademov,for,EPP,116968,6755
7129,Amaro,for,EPP,116968,7129
5980,Arias Echeverría,for,EPP,116968,5980
6594,Arimont,for,EPP,116968,6594
6885,Arłukowicz,for,EPP,116968,6885
7083,Asimakopoulou,for,EPP,116968,7083
7060,Băsescu,for,EPP,116968,7060
6927,Bellamy,for,EPP,116968,6927
7067,Benjumea Benjumea,for,EPP,116968,7067
6807,Bentele,for,EPP,116968,6807
7162,Berendsen,for,EPP,116968,7162
6809,Berger,for,EPP,116968,6809
4806,Berlusconi,for,EPP,116968,4806
7037,Bernhuber,for,EPP,116968,7037
7155,Bilčík,for,EPP,116968,7155
7026,Blaga,for,EPP,116968,7026
6343,Bocskor,for,NA,116968,6343
6613,Bogovič,for,EPP,116968,6613
6617,Buda,for,EPP,116968,6617
5729,Buşoi,for,EPP,116968,5729
5388,Buzek,for,EPP,116968,5388
6039,Carvalho,for,EPP,116968,6039
5252,Casa,for,EPP,116968,5252
5341,Caspary,for,EPP,116968,5341
5508,del Castillo Vera,for,EPP,116968,5508
5236,Christoforou,for,EPP,116968,5236
6600,Clune,for,EPP,116968,6600
6929,Colin-Oesterlé,for,EPP,116968,6929
5921,Danjean,for,EPP,116968,5921
7261,De Meo,for,EPP,116968,7261
6345,Deli,for,NA,116968,6345
5998,Deutsch,for,NA,116968,5998
6762,Didier,for,EPP,116968,6762
6870,Doleschal,for,EPP,116968,6870
5960,Dorfmann,for,EPP,116968,5960
6903,Duda,for,EPP,116968,6903
6810,Düpont,for,EPP,116968,6810
5348,Ehler,for,EPP,116968,5348
5983,Estaràs Ferragut,for,EPP,116968,5983
6928,Evren,for,EPP,116968,6928
7038,Falcă,for,EPP,116968,7038
3833,Ferber,for,EPP,116968,3833
6068,Fernandes,for,EPP,116968,6068
7108,Fitzgerald,for,EPP,116968,7108
6813,Fourlas,for,EPP,116968,6813
6906,Frankowski,for,EPP,116968,6906
6852,Franssen,for,EPP,116968,6852
4659,Gahler,for,EPP,116968,4659
5280,Gál,for,NA,116968,5280
3980,García-Margallo y Marfil,for,EPP,116968,3980
6441,Gieseke,for,EPP,116968,6441
7253,Glavak,for,EPP,116968,7253
6632,González Pons,for,EPP,116968,6632
6002,Győri,for,NA,116968,6002
5138,Gyürk,for,NA,116968,5138
6907,Halicki,for,EPP,116968,6907
6777,Hansen,for,EPP,116968,6777
7035,Hava,for,EPP,116968,7035
6811,Herbst,for,EPP,116968,6811
6534,Hetman,for,EPP,116968,6534
6318,Hidvéghi,for,NA,116968,6318
5953,Hohlmeier,for,EPP,116968,5953
6346,Hölvényi,for,EPP,116968,6346
4987,Hortefeux,for,EPP,116968,4987
5952,Hübner,for,EPP,116968,5952
5945,Jahr,for,EPP,116968,5945
5271,Járóka,for,NA,116968,5271
6910,Jarubas,for,EPP,116968,6910
7223,Juknevičienė,for,EPP,116968,7223
5944,Kalinowski,for,EPP,116968,5944
6095,Kalniete,for,EPP,116968,6095
7222,Kanev,for,EPP,116968,7222
4669,Karas,for,EPP,116968,4669
6666,Kefalogiannis,for,EPP,116968,6666
5855,Kelly,for,EPP,116968,5855
6805,Kokalari,for,EPP,116968,6805
6918,Kopacz,for,EPP,116968,6918
6001,Kósa,for,NA,116968,6001
6196,Kovatchev,for,EPP,116968,6196
7226,Kubilius,for,EPP,116968,7226
7080,Kympouropoulos,for,EPP,116968,7080
6662,Kyrtsos,for,Renew,116968,6662
5727,de Lange,for,EPP,116968,5727
6793,Lega,for,EPP,116968,6793
5105,Lewandowski,for,EPP,116968,5105
7264,Lexmann,for,EPP,116968,7264
3855,Liese,for,EPP,116968,3855
6442,Lins,for,EPP,116968,6442
7161,López Gil,for,EPP,116968,7161
5517,López-Istúriz White,for,EPP,116968,5517
5964,Łukacijewska,for,EPP,116968,5964
6855,Lutgen,for,EPP,116968,6855
6440,McAllister,for,EPP,116968,6440
7218,Maldeikienė,for,EPP,116968,7218
4964,Manders,for,EPP,116968,4964
6761,Mandl,for,EPP,116968,6761
5646,Marinescu,for,EPP,116968,5646
6465,Martusciello,for,EPP,116968,6465
6096,Mato,for,EPP,116968,6096
6483,Maydell,for,EPP,116968,6483
7224,Mažylis,for,EPP,116968,7224
7051,Meimarakis,for,EPP,116968,7051
6121,Melo,for,EPP,116968,6121
6297,Metsola,for,EPP,116968,6297
7209,Milazzo,for,ECR,116968,7209
5518,Millán Mon,for,EPP,116968,5518
6366,Monteiro de Aguiar,for,EPP,116968,6366
7099,Montserrat,for,EPP,116968,7099
6368,Morano,for,EPP,116968,6368
6825,Mortler,for,EPP,116968,6825
7036,Motreanu,for,EPP,116968,7036
6436,Mureşan,for,EPP,116968,6436
4712,Niebler,for,EPP,116968,4712
6332,Niedermayer,for,EPP,116968,6332
7255,Nistor,for,EPP,116968,7255
5413,Novak,for,EPP,116968,5413
6709,Novakov,for,EPP,116968,6709
6935,Ochojska,for,EPP,116968,6935
5407,Olbrycht,for,EPP,116968,5407
5702,Patriciello,for,EPP,116968,5702
6819,Peeters,for,EPP,116968,6819
7120,Pereira Lídia,for,EPP,116968,7120
5346,Pieper,for,EPP,116968,5346
5788,Pietikäinen,for,EPP,116968,5788
6335,Polčák,for,EPP,116968,6335
6803,Polfjärd,for,EPP,116968,6803
7149,Pollák,for,EPP,116968,7149
6700,Pospíšil,for,EPP,116968,6700
6488,Radev,for,EPP,116968,6488
6750,Radtke,for,EPP,116968,6750
6072,Rangel,for,EPP,116968,6072
6812,Ressler,for,EPP,116968,6812
7266,Sagartz,for,EPP,116968,7266
6698,Salini,for,EPP,116968,6698
6370,Sander,for,EPP,116968,6370
6259,Sarvamaa,for,EPP,116968,6259
7045,Schmiedtbauer,for,EPP,116968,7045
6821,Schneider,for,EPP,116968,6821
6636,Schreijer-Pierik,for,EPP,116968,6636
6443,Schulze,for,EPP,116968,6443
5345,Schwab,for,EPP,116968,5345
6823,Seekatz,for,EPP,116968,6823
6941,Sikorski,for,EPP,116968,6941
6824,Simon,for,EPP,116968,6824
6790,Skyttedal,for,EPP,116968,6790
6341,Šojdrová,for,EPP,116968,6341
6816,Sokol,for,EPP,116968,6816
6663,Spyraki,for,EPP,116968,6663
6547,Štefanec,for,EPP,116968,6547
4482,Tajani,for,EPP,116968,4482
7056,Thaler,for,EPP,116968,7056
6801,Tobé,for,EPP,116968,6801
7061,Tomac,for,EPP,116968,7061
6681,Tomc,for,EPP,116968,6681
6965,Tóth,for,NA,116968,6965
7241,Trócsányi,for,NA,116968,7241
5600,Vaidere,for,EPP,116968,5600
5930,Verheyen,for,EPP,116968,5930
7062,Vincze,for,EPP,116968,7062
6356,Virkkunen,for,EPP,116968,6356
5934,Voss,for,EPP,116968,5934
6664,Vozemberg-Vrionidi,for,EPP,116968,6664
7233,Walsh,for,EPP,116968,7233
6827,Walsmann,for,EPP,116968,6827
6804,Warborn,for,EPP,116968,6804
5351,Weber,for,EPP,116968,5351
6908,Weiss,for,EPP,116968,6908
4643,Wieland,for,EPP,116968,4643
7153,Wiezik,for,Renew,116968,7153
5782,Winkler,for,EPP,116968,5782
7041,Winzig,for,EPP,116968,7041
6820,Wiseler-Lima,for,EPP,116968,6820
6665,Zagorakis,for,EPP,116968,6665
6997,Zarzalejos,for,EPP,116968,6997
6344,Zdechovský,for,EPP,116968,6344
7012,Zoido Álvarez,for,EPP,116968,7012
6734,Zovko,for,EPP,116968,6734
6094,Zver,for,EPP,116968,6094
7230,Alieva-Veli,for,Renew,116968,7230
6799,Al-Sahlani,for,Renew,116968,6799
7260,Andrews,for,Renew,116968,7260
6327,Ansip,for,Renew,116968,6327
7053,Armand,for,Renew,116968,7053
6400,Auštrevičius,for,Renew,116968,6400
7165,Azmani,for,Renew,116968,7165
7163,Bauzá Díaz,for,Renew,116968,7163
6835,Beer,for,Renew,116968,6835
6944,Bijoux,for,Renew,116968,6944
6089,Bilbao Barandica,for,Renew,116968,6089
7057,Botoş,for,Renew,116968,7057
6967,Boyer,for,Renew,116968,6967
6966,Brunet,for,Renew,116968,6966
6973,Cañas,for,Renew,116968,6973
5891,Canfin,for,Renew,116968,5891
6899,Chabaud,for,Renew,116968,6899
6339,Charanzová,for,Renew,116968,6339
6860,Chastel,for,Renew,116968,6860
6951,Christensen,for,Renew,116968,6951
7271,Cicurel,for,Renew,116968,7271
7021,Cioloş,for,Renew,116968,7021
6978,Cseh,for,Renew,116968,6978
6458,Danti,for,Renew,116968,6458
6898,Decerle,for,Renew,116968,6898
6340,Dlabajová,for,Renew,116968,6340
6987,Donáth,for,Renew,116968,6987
6324,Durand,for,S&D,116968,6324
6828,Eroglu,for,Renew,116968,6828
6980,Farreng,for,Renew,116968,6980
6601,Federley,for,Renew,116968,6601
6818,Flego,for,Renew,116968,6818
6948,Gade,for,Renew,116968,6948
7022,Gamon,for,Renew,116968,7022
6947,Garicano,for,Renew,116968,6947
7050,Ghinea,for,Renew,116968,7050
6840,Glück,for,Renew,116968,6840
1793,Goerens,for,Renew,116968,1793
7273,Gozi,for,Renew,116968,7273
7164,Groothuis,for,Renew,116968,7164
6849,Grošelj,for,Renew,116968,6849
6950,Grudler,for,Renew,116968,6950
6936,Guetta,for,Renew,116968,6936
6841,Hahn Svenja,for,Renew,116968,6841
6959,Hayer,for,Renew,116968,6959
6919,Hlaváček,for,Renew,116968,6919
7154,Hojsík,for,Renew,116968,7154
6622,Huitema,for,Renew,116968,6622
7014,Ijabs,for,Renew,116968,7014
5385,in 't Veld,for,Renew,116968,5385
6844,Joveva,for,Renew,116968,6844
6975,Karleskind,for,Renew,116968,6975
6800,Karlsbro,for,Renew,116968,6800
6766,Katainen,for,Renew,116968,6766
7203,Kelleher,for,Renew,116968,7203
5021,Keller Fabienne,for,Renew,116968,5021
6842,Körner,for,Renew,116968,6842
6917,Kovařík,for,Renew,116968,6917
6504,Kyuchyuk,for,Renew,116968,6504
6887,Loiseau,for,Renew,116968,6887
5889,Løkkegaard,for,Renew,116968,5889
6915,Maxová,for,S&D,116968,6915
6957,Melchior,for,Renew,116968,6957
6690,Mihaylova,for,Renew,116968,6690
6500,Müller,for,Renew,116968,6500
6760,Nagtegaal,for,Renew,116968,6760
6614,Nart,for,Renew,116968,6614
6830,Oetjen,for,Renew,116968,6830
6705,Paet,for,Renew,116968,6705
6644,Pagazaurtundúa,for,Renew,116968,6644
6953,Pekkarinen,for,Renew,116968,6953
6510,Petersen,for,Renew,116968,6510
7052,Pîslaru,for,Renew,116968,7052
7235,Rafaela,for,Renew,116968,7235
4676,Ries,for,Renew,116968,4676
6056,Riquet,for,Renew,116968,6056
4767,Rodríguez Ramos,for,Renew,116968,4767
7236,Schreinemacher,for,Renew,116968,7236
6902,Séjourné,for,Renew,116968,6902
6817,Semedo,for,Renew,116968,6817
7152,Šimečka,for,Renew,116968,7152
7168,Solís Pérez,for,Renew,116968,7168
7055,Ştefănuță,for,Greens/EFA,116968,7055
7058,Strugariu,for,Renew,116968,7058
7259,Søgaard-Lidell,for,Renew,116968,7259
6940,Tolleret,for,Renew,116968,6940
6331,Toom,for,Renew,116968,6331
6281,Torvalds,for,Renew,116968,6281
6985,Trillet-Lenoir,for,Renew,116968,6985
6710,Vautmans,for,Renew,116968,6710
6896,Vedrenne,for,Renew,116968,6896
6159,Verhofstadt,for,Renew,116968,6159
7268,Vázquez Lázara,for,Renew,116968,7268
6971,Yon-Courtin,for,Renew,116968,6971
6892,Zacharopoulou,for,Renew,116968,6892
6802,Agius Saliba,for,S&D,116968,6802
6651,Aguilera,for,S&D,116968,6651
7167,Ameriks,for,S&D,116968,7167
6279,Andrieu,for,S&D,116968,6279
6687,Androulakis,for,S&D,116968,6687
7254,Angel,for,S&D,116968,7254
6977,Ara-Kovács,for,S&D,116968,6977
6553,Arena,for,S&D,116968,6553
7040,Avram,for,S&D,116968,7040
6888,Balt,for,S&D,116968,6888
6831,Barley,for,S&D,116968,6831
7193,Bartolo,for,S&D,116968,7193
6889,Belka,for,S&D,116968,6889
7047,Benea,for,S&D,116968,7047
6505,Benifei,for,S&D,116968,6505
5173,Beňová,for,S&D,116968,5173
6796,Bergkvist,for,S&D,116968,6796
6891,Biedroń,for,S&D,116968,6891
6833,Bischoff,for,S&D,116968,6833
5867,Blinkevičiūtė,for,S&D,116968,5867
6449,Bonafè,for,S&D,116968,6449
6264,Borzan,for,S&D,116968,6264
6843,Brglez,for,S&D,116968,6843
4690,Bullmann,for,S&D,116968,4690
6838,Burkhardt,for,S&D,116968,6838
7008,Calenda,for,Renew,116968,7008
7252,Carvalhais,for,S&D,116968,7252
7030,Cerdas,for,S&D,116968,7030
7166,Chahim,for,S&D,116968,7166
6499,Chinnici,for,EPP,116968,6499
6901,Cimoszewicz,for,S&D,116968,6901
7046,Ciuhodaru,for,S&D,116968,7046
7145,Číž,for,S&D,116968,7145
6051,Cozzolino,for,NA,116968,6051
5661,Crețu,for,S&D,116968,5661
6794,Cutajar,for,S&D,116968,6794
6589,Dalli,for,S&D,116968,6589
6806,Danielsson,for,S&D,116968,6806
6062,De Castro,for,S&D,116968,6062
6969,Dobrev,for,S&D,116968,6969
7248,Durá Ferrandis,for,S&D,116968,7248
6014,Ertug,for,S&D,116968,6014
6080,Fajon,for,S&D,116968,6080
6652,Fernández,for,S&D,116968,6652
6770,Ferrandino,for,Renew,116968,6770
6791,Fritzon,for,S&D,116968,6791
6955,Fuglsang,for,S&D,116968,6955
7090,Gálvez Muñoz,for,S&D,116968,7090
7105,García Del Blanco,for,S&D,116968,7105
7125,García Muñoz,for,S&D,116968,7125
5417,García Pérez,for,S&D,116968,5417
6130,Gardiazabal Rubial,for,S&D,116968,6130
3827,Gebhardt,for,S&D,116968,3827
6005,Geier,for,S&D,116968,6005
7082,Glucksmann,for,S&D,116968,7082
7111,González,for,S&D,116968,7111
7106,González Casares,for,S&D,116968,7106
6419,Grapini,for,S&D,116968,6419
7009,Gualmini,for,S&D,116968,7009
6107,Guillaume,for,S&D,116968,6107
6603,Guteland,for,S&D,116968,6603
7146,Hajšel,for,S&D,116968,7146
7070,Heide,for,S&D,116968,7070
7185,Heinäluoma,for,S&D,116968,7185
7122,Homs Ginel,for,S&D,116968,7122
7229,Hristov,for,S&D,116968,7229
6792,Incir,for,S&D,116968,6792
6624,Jongerius,for,S&D,116968,6624
6686,Kaili,for,NA,116968,6686
6884,Kaljurand,for,S&D,116968,6884
6009,Kammerevert,for,S&D,116968,6009
6916,Kohut,for,S&D,116968,6916
6459,Köster,for,S&D,116968,6459
3761,Krehl,for,S&D,116968,3761
6367,Kumpula-Natri,for,S&D,116968,6367
7085,Lalucq,for,S&D,116968,7085
3823,Lange,for,S&D,116968,3823
7086,Larrouturou,for,S&D,116968,7086
7024,Leitão-Marques,for,S&D,116968,7024
5094,Liberadzki,for,S&D,116968,5094
6648,López,for,S&D,116968,6648
5984,López Aguilar,for,S&D,116968,5984
7109,Luena,for,S&D,116968,7109
7107,Maestre Martín De Almagro,for,S&D,116968,7107
6984,Majorino,for,S&D,116968,6984
7117,Maldonado López,for,S&D,116968,7117
7027,Marques Margarida,for,S&D,116968,7027
7023,Marques Pedro,for,S&D,116968,7023
6839,Matić,for,S&D,116968,6839
6322,Mavrides,for,S&D,116968,6322
7272,Mebarek,for,S&D,116968,7272
6890,Mikser,for,S&D,116968,6890
6933,Miller,for,S&D,116968,6933
6351,Molnár,for,S&D,116968,6351
5466,Moreno Sánchez,for,S&D,116968,5466
6433,Moretti,for,S&D,116968,6433
6691,Negrescu,for,S&D,116968,6691
6016,Neuser,for,S&D,116968,6016
6418,Nica,for,S&D,116968,6418
6473,Noichl,for,S&D,116968,6473
7221,Olekas,for,S&D,116968,7221
6323,Papadakis Demetris,for,S&D,116968,6323
7228,Penkova,for,S&D,116968,7228
6484,Picierno,for,S&D,116968,6484
6261,Picula,for,S&D,116968,6261
6625,Piri,for,S&D,116968,6625
6982,Pisapia,for,S&D,116968,6982
7114,Pizarro,for,S&D,116968,7114
5731,Plumb,for,S&D,116968,5731
6136,Regner,for,S&D,116968,6136
7186,Roberti,for,S&D,116968,7186
6649,Rodríguez-Piñero,for,S&D,116968,6649
6974,Rónai,for,S&D,116968,6974
7269,Ros Sempere,for,S&D,116968,7269
7128,Ruiz Devesa,for,S&D,116968,7128
7110,Sánchez Amor,for,S&D,116968,7110
7039,Santos,for,S&D,116968,7039
5713,Schaldemose,for,S&D,116968,5713
7059,Schieder,for,S&D,116968,7059
6475,Schuster,for,S&D,116968,6475
7065,Sidl,for,S&D,116968,7065
6381,Silva Pereira,for,S&D,116968,6381
6093,Sippel,for,S&D,116968,6093
7176,Smeriglio,for,S&D,116968,7176
6943,Spurek,for,Greens/EFA,116968,6943
6490,Stanishev,for,S&D,116968,6490
6623,Tang,for,S&D,116968,6623
5624,Tarabella,for,NA,116968,5624
7140,Tax,for,S&D,116968,7140
6983,Tinagli,for,S&D,116968,6983
5459,Toia,for,S&D,116968,5459
7247,Tudose,for,S&D,116968,7247
6336,Ujhelyi,for,S&D,116968,6336
7195,Ušakovs,for,S&D,116968,7195
4990,Van Brempt,for,S&D,116968,4990
7251,Vind,for,S&D,116968,7251
7227,Vitanov,for,S&D,116968,7227
7066,Vollath,for,S&D,116968,7066
6735,Wölken,for,S&D,116968,6735
7249,Wolters,for,S&D,116968,7249
7225,Yoncheva,for,S&D,116968,7225
6373,Zorrinho,for,S&D,116968,6373
7263,Alametsä,for,Greens/EFA,116968,7263
5924,Alfonsi,for,Greens/EFA,116968,5924
6845,Andresen,for,Greens/EFA,116968,6845
5291,Auken,for,Greens/EFA,116968,5291
6905,Biteau,for,Greens/EFA,116968,6905
6846,Bloss,for,Greens/EFA,116968,6846
6837,Boeselager,for,Greens/EFA,116968,6837
6829,Breyer,for,Greens/EFA,116968,6829
6867,Bricmont,for,Greens/EFA,116968,6867
5913,Bütikofer,for,Greens/EFA,116968,5913
6964,Carême,for,Greens/EFA,116968,6964
6847,Cavazzini,for,Greens/EFA,116968,6847
6897,Cormand,for,Greens/EFA,116968,6897
7043,Cuffe,for,Greens/EFA,116968,7043
6730,Dalunde,for,Greens/EFA,116968,6730
6924,Delbos-Corfield,for,Greens/EFA,116968,6924
6040,Delli,for,Greens/EFA,116968,6040
6850,Deparnay-Grunenberg,for,Greens/EFA,116968,6850
6868,De Sutter,for,Greens/EFA,116968,6868
5899,Eickhout,for,Greens/EFA,116968,5899
6775,Franz,for,Greens/EFA,116968,6775
6851,Freund,for,Greens/EFA,116968,6851
6853,Geese,for,Greens/EFA,116968,6853
5904,Giegold,for,Greens/EFA,116968,5904
6942,Gregorová,for,Greens/EFA,116968,6942
7274,Gruffat,for,Greens/EFA,116968,7274
7034,Guerreiro,for,Greens/EFA,116968,7034
6854,Hahn Henrike,for,Greens/EFA,116968,6854
5926,Häusling,for,Greens/EFA,116968,5926
4535,Hautala,for,Greens/EFA,116968,4535
6856,Herzberger-Fofana,for,Greens/EFA,116968,6856
6797,Holmgren,for,Greens/EFA,116968,6797
5914,Jadot,for,Greens/EFA,116968,5914
7220,Jakeliūnas,for,Greens/EFA,116968,7220
5908,Keller Ska,for,Greens/EFA,116968,5908
6939,Kolaja,for,Greens/EFA,116968,6939
6795,Kuhnke,for,Greens/EFA,116968,6795
6857,Lagodinsky,for,Greens/EFA,116968,6857
5838,Lamberts,for,Greens/EFA,116968,5838
6858,Langensiepen,for,Greens/EFA,116968,6858
6859,Marquardt,for,Greens/EFA,116968,6859
6776,Metz,for,Greens/EFA,116968,6776
6861,Neumann,for,Greens/EFA,116968,6861
6862,Nienaß,for,Greens/EFA,116968,6862
7187,Niinistö,for,Greens/EFA,116968,7187
7240,O'Sullivan,for,Greens/EFA,116968,7240
6863,Paulus,for,Greens/EFA,116968,6863
6932,Peksa,for,Greens/EFA,116968,6932
6963,Peter-Hansen,for,Greens/EFA,116968,6963
6529,Reintke,for,Greens/EFA,116968,6529
7217,Riba i Giner,for,Greens/EFA,116968,7217
7280,Ripa,for,Greens/EFA,116968,7280
5917,Rivasi,for,Greens/EFA,116968,5917
6900,Roose,for,Greens/EFA,116968,6900
6694,Ropė,for,Greens/EFA,116968,6694
6893,Satouri,for,Greens/EFA,116968,6893
6822,Semsrott,for,Greens/EFA,116968,6822
6738,Solé,for,Greens/EFA,116968,6738
7156,Strik,for,Greens/EFA,116968,7156
6894,Toussaint,for,Greens/EFA,116968,6894
6591,Urtasun,for,Greens/EFA,116968,6591
6551,Vana,for,Greens/EFA,116968,6551
7237,Van Sparrentak,for,Greens/EFA,116968,7237
6848,Von Cramon-Taubadel,for,Greens/EFA,116968,6848
6757,Waitz,for,Greens/EFA,116968,6757
7064,Wiener,for,Greens/EFA,116968,7064
6904,Yenbou,for,Renew,116968,6904
5602,Ždanoka,for,NA,116968,5602
6954,Blaško,against,ID,116968,6954
6630,de Graaff,against,NA,116968,6630
7119,Lagos,against,NA,116968,7119
7278,Rookmaker,against,ECR,116968,7278
6592,Lenaers,against,EPP,116968,6592
6836,Kolakušić,abstention,NA,116968,6836
7148,Radačovský,abstention,NA,116968,7148
7242,Sinčić,abstention,NA,116968,7242
7219,Alexandrov Yordanov,abstention,EPP,116968,7219
6921,Knotek,abstention,Renew,116968,6921
5879,Uspaskich,abstention,NA,116968,5879
6415,Sant,abstention,S&D,116968,6415